x1000c3s7b0n0:911633:911833 [0] NCCL INFO NET/OFI Selected provider is cxi, fabric is cxi (found 1 nics)
x1000c2s1b0n1:3710834:3711020 [0] NCCL INFO NET/OFI Selected provider is cxi, fabric is cxi (found 1 nics)
x1000c3s7b0n0:911633:911833 [0] NCCL INFO Using network OFI
x1000c2s1b0n1:3710834:3711020 [0] NCCL INFO Using network OFI
           8             2     float     sum      -1    22.85    0.00    0.00      0    21.69    0.00    0.00      0
          16             4     float     sum      -1    19.96    0.00    0.00      0    19.78    0.00    0.00      0
          32             8     float     sum      -1    20.11    0.00    0.00      0    20.33    0.00    0.00      0
          64            16     float     sum      -1    21.53    0.00    0.00      0    21.74    0.00    0.00      0
         128            32     float     sum      -1    27.51    0.00    0.00      0    27.53    0.00    0.00      0
         256            64     float     sum      -1    27.53    0.01    0.01      0    26.91    0.01    0.01      0
         512           128     float     sum      -1    28.42    0.02    0.02      0    27.88    0.02    0.02      0
        1024           256     float     sum      -1    28.37    0.04    0.04      0    28.02    0.04    0.04      0
        2048           512     float     sum      -1    29.36    0.07    0.07      0    28.76    0.07    0.07      0
        4096          1024     float     sum      -1    28.73    0.14    0.14      0    28.76    0.14    0.14      0
        8192          2048     float     sum      -1    31.56    0.26    0.26      0    30.95    0.26    0.26      0
       16384          4096     float     sum      -1    35.05    0.47    0.47      0    35.90    0.46    0.46      0
       32768          8192     float     sum      -1    39.87    0.82    0.82      0    42.50    0.77    0.77      0
       65536         16384     float     sum      -1    53.26    1.23    1.23      0    53.96    1.21    1.21      0
      131072         32768     float     sum      -1    76.30    1.72    1.72      0    77.68    1.69    1.69      0
      262144         65536     float     sum      -1    132.9    1.97    1.97      0    132.3    1.98    1.98      0
      524288        131072     float     sum      -1    105.2    4.98    4.98      0    105.2    4.98    4.98      0
     1048576        262144     float     sum      -1    166.5    6.30    6.30      0    163.5    6.41    6.41      0
     2097152        524288     float     sum      -1    269.9    7.77    7.77      0    271.7    7.72    7.72      0
     4194304       1048576     float     sum      -1    495.2    8.47    8.47      0    498.4    8.42    8.42      0
     8388608       2097152     float     sum      -1    965.2    8.69    8.69      0    942.9    8.90    8.90      0
    16777216       4194304     float     sum      -1   1837.6    9.13    9.13      0   1832.3    9.16    9.16      0
    33554432       8388608     float     sum      -1   3583.6    9.36    9.36      0   3620.0    9.27    9.27      0
    67108864      16777216     float     sum      -1   7206.7    9.31    9.31      0   7231.5    9.28    9.28      0
   134217728      33554432     float     sum      -1    14424    9.31    9.31      0    14409    9.31    9.31      0
   268435456      67108864     float     sum      -1    28736    9.34    9.34      0    28628    9.38    9.38      0
# Avg bus bandwidth    : 3.44051 
