x1000c2s1b0n1:3712027:3712047 [0] NCCL INFO Using network Socket
x1000c3s7b0n0:912431:912453 [0] NCCL INFO Using network Socket
           8             2     float     sum      -1    49.89    0.00    0.00      0    38.20    0.00    0.00      0
          16             4     float     sum      -1    42.40    0.00    0.00      0    41.11    0.00    0.00      0
          32             8     float     sum      -1    38.90    0.00    0.00      0    39.28    0.00    0.00      0
          64            16     float     sum      -1    39.05    0.00    0.00      0    38.43    0.00    0.00      0
         128            32     float     sum      -1    40.91    0.00    0.00      0    41.04    0.00    0.00      0
         256            64     float     sum      -1    42.84    0.01    0.01      0    40.78    0.01    0.01      0
         512           128     float     sum      -1    43.64    0.01    0.01      0    42.31    0.01    0.01      0
        1024           256     float     sum      -1    44.54    0.02    0.02      0    43.38    0.02    0.02      0
        2048           512     float     sum      -1    44.16    0.05    0.05      0    45.49    0.05    0.05      0
        4096          1024     float     sum      -1    48.87    0.08    0.08      0    46.81    0.09    0.09      0
        8192          2048     float     sum      -1    53.48    0.15    0.15      0    52.98    0.15    0.15      0
       16384          4096     float     sum      -1    78.16    0.21    0.21      0    77.70    0.21    0.21      0
       32768          8192     float     sum      -1    104.6    0.31    0.31      0    108.7    0.30    0.30      0
       65536         16384     float     sum      -1    161.3    0.41    0.41      0    155.7    0.42    0.42      0
      131072         32768     float     sum      -1    244.9    0.54    0.54      0    247.1    0.53    0.53      0
      262144         65536     float     sum      -1    456.9    0.57    0.57      0    448.1    0.58    0.58      0
      524288        131072     float     sum      -1    433.9    1.21    1.21      0    433.8    1.21    1.21      0
     1048576        262144     float     sum      -1    734.4    1.43    1.43      0    737.7    1.42    1.42      0
     2097152        524288     float     sum      -1   1388.6    1.51    1.51      0   1351.1    1.55    1.55      0
     4194304       1048576     float     sum      -1   2547.0    1.65    1.65      0   2528.5    1.66    1.66      0
     8388608       2097152     float     sum      -1   4901.3    1.71    1.71      0   4958.4    1.69    1.69      0
    16777216       4194304     float     sum      -1   9724.1    1.73    1.73      0   9722.8    1.73    1.73      0
    33554432       8388608     float     sum      -1    20708    1.62    1.62      0    21156    1.59    1.59      0
    67108864      16777216     float     sum      -1    42075    1.59    1.59      0    39230    1.71    1.71      0
   134217728      33554432     float     sum      -1    75469    1.78    1.78      0    80317    1.67    1.67      0
   268435456      67108864     float     sum      -1   153263    1.75    1.75      0   159866    1.68    1.68      0
# Avg bus bandwidth    : 0.70448 
